199975
199974
199974
199972
199972
199966
199965
199962
199958
199957
199957
199956
199954
199953
199952
199951
199950
199948
199947
199947
199947
199946
199942
199939
199938
199937
199937
199936
199934
199932
199932
199931
199930
199930
199929
199928
199928
199928
199927
199925
199924
199924
199924
199924
199921
199919
199919
199918
199918
199916
199914
199913
199912
199912
199912
199912
199910
199908
199904
199902
199902
199902
199902
199900
199898
199897
199891
199890
199888
199888
199887
199884
199882
199882
199882
199881
199881
199879
199875
199874
199872
199870
199869
199869
199866
199862
199862
199861
199857
199854
199854
199853
199853
199851
199847
199846
199842
199842
199836
199834
199833
199832
199829
199824
199813
199813
199811
199811
199810
199803
199799
199795
199794
199792
199791
199791
199791
199788
199785
199784
199781
199780
199779
199778
199776
199773
199772
199772
199770
199769
199768
199764
199763
199763
199763
199760
199757
199756
199755
199752
199752
199752
199751
199751
199747
199745
199743
199742
199742
199741
199738
199738
199736
199735
199729
199729
199729
199723
199723
199721
199720
199720
199718
199712
199712
199711
199711
199710
199707
199703
199702
199702
199700
199696
199695
199691
199688
199683
199681
199675
199668
199668
199664
199664
199661
199659
199653
199653
199643
199642
199641
199641
199641
199641
199641
199641
199640
199639
199639
199639
199634
199634
199634
199632
199630
199629
199629
199627
199626
199624
199624
199618
199614
199613
199612
199609
199609
199605
199605
199604
199603
199602
199593
199590
199590
199590
199587
199584
199581
199581
199580
199580
199575
199574
199571
199570
199570
199567
199567
199567
199566
199565
199565
199564
199564
199562
199562
199558
199557
199557
199557
199556
199552
199551
199550
199550
199547
199544
199542
199541
199539
199538
199535
199535
199531
199530
199529
199526
199524
199520
199519
199519
199516
199516
199516
199513
199510
199504
199503
199502
199502
199502
199499
199499
199499
199491
199489
199488
199488
199487
199487
199486
199485
199476
199475
199470
199469
199468
199467
199467
199465
199461
199461
199457
199456
199456
199455
199454
199454
199447
199445
199445
199445
199442
199436
199435
199430
199429
199427
199426
199426
199425
199423
199422
199421
199418
199418
199418
199418
199418
199417
199416
199411
199411
199411
199411
199410
199409
199407
199407
199405
199404
199402
199402
199399
199398
199396
199392
199384
199384
199384
199380
199379
199379
199379
199378
199377
199376
199372
199370
199369
199366
199366
199366
199366
199366
199360
199360
199360
199359
199359
199359
199356
199352
199350
199349
199342
199342
199342
199342
199341
199341
199339
199339
199337
199336
199334
199333
199333
199333
199328
199325
199324
199324
199324
199321
199319
199316
199313
199310
199309
199306
199304
199304
199304
199304
199304
199302
199302
199302
199296
199296
199295
199294
199294
199293
199293
199293
199292
199292
199288
199287
199287
199284
199284
199284
199280
199277
199277
199277
199274
199274
199274
199274
199274
199274
199267
199258
199256
199249
199246
199244
199243
199242
199239
199238
199235
199231
199231
199225
199222
199221
199221
199217
199217
199217
199214
199214
199214
199213
199213
199212
199205
199203
199197
199197
199196
199195
199195
199195
199194
199191
199188
199188
199187
199183
199182
199181
199181
199178
199177
199174
199173
199173
199173
199173
199173
199171
199169
199169
199166
199165
199165
199163
199163
199162
199162
199159
199159
199158
199157
199157
199151
199151
199150
199150
199149
199149
199145
199142
199139
199131
199131
199130
199125
199125
199122
199122
199122
199122
199118
199116
199112
199111
199107
199104
199103
199100
199098
199096
199091
199089
199084
199084
199084
199080
199080
199080
199080
199078
199074
199073
199069
199069
199069
199064
199063
199061
199059
199057
199057
199057
199055
199049
199046
199046
199043
199043
199042
199039
199038
199035
199034
199033
199028
199028
199027
199027
199025
199022
199019
199018
199016
199015
199013
199007
199007
199007
199005
199003
199002
198999
198995
198993
198993
198989
198988
198988
198982
198980
198978
198978
198976
198975
198972
198972
198970
198970
198964
198963
198963
198962
198961
198961
198957
198956
198956
198956
198953
198951
198951
198947
198945
198941
198938
198937
198935
198933
198933
198931
198931
198931
198926
198925
198922
198920
198920
198919
198916
198915
198915
198915
198915
198910
198910
198910
198909
198906
198906
198906
198905
198905
198903
198895
198891
198882
198882
198882
198882
198875
198871
198871
198870
198867
198866
198859
198859
198858
198855
198854
198854
198847
198844
198844
198844
198838
198837
198833
198833
198833
198828
198827
198818
198817
198811
198809
198809
198805
198802
198802
198800
198800
198793
198793
198791
198781
198772
198770
198770
198764
198763
198762
198762
198762
198760
198759
198759
198759
198754
198753
198750
198750
198748
198748
198747
198744
198744
198742
198740
198738
198737
198736
198733
198727
198724
198724
198715
198711
198705
198704
198703
198701
198699
198698
198693
198690
198690
198690
198689
198689
198689
198686
198684
198677
198674
198672
198672
198670
198657
198647
198642
198640
198639
198639
198637
198637
198634
198634
198633
198633
198632
198632
198631
198629
198627
198626
198626
198624
198620
198620
198618
198618
198615
198614
198613
198611
198610
198607
198607
198606
198600
198598
198598
198597
198596
198596
198595
198595
198593
198592
198591
198589
198586
198586
198586
198583
198580
198580
198573
198570
198570
198568
198562
198562
198561
198560
198557
198556
198555
198554
198554
198553
198545
198544
198544
198544
198538
198536
198535
198533
198532
198532
198529
198529
198526
198520
198518
198517
198515
198508
198503
198502
198502
198500
198500
198496
198496
198496
198495
198495
198495
198495
198491
198490
198490
198490
198490
198488
198487
198479
198474
198470
198470
198470
198465
198465
198462
198462
198462
198460
198460
198460
198460
198459
198459
198459
198458
198458
198458
198457
198456
198456
198453
198451
198451
198451
198451
198448
198447
198445
198445
198440
198440
198440
198439
198431
198426
198424
198424
198424
198421
198411
198410
198410
198408
198403
198402
198398
198398
198387
198387
198380
198378
198370
198367
198364
198363
198362
198359
198358
198357
198355
198347
198347
198347
198346
198346
198345
198339
198339
198336
198335
198335
198335
198332
198332
198325
198322
198317
198316
198314
198314
198313
198312
198311
198310
198309
198309
198307
198306
198303
198303
198303
198299
198299
198299
198299
198298
198298
198296
198293
198292
198290
198288
198287
198286
198286
198286
198285
198284
198283
198282
198282
198281
198280
198272
198272
198270
198268
198264
198263
198263
198263
198263
198259
198259
198258
198257
198257
198257
198257
198257
198257
198257
198256
198250
198250
198250
198250
198246
198246
198242
198240
198235
198233
198233
198233
198231
198231
198228
198228
198215
198214
198214
198210
198210
198203
198203
198203
198202
198200
198199
198195
198192
198192
198192
198190
198189
198189
198188
198187
198184
198182
198182
198180
198178
198174
198173
198172
198172
198172
198172
198172
198168
198151
198151
198147
198142
198142
198142
198142
198140
198139
198137
198135
198134
198133
198132
198128
198126
198124
198123
198122
198121
198117
198115
198115
198110
198110
198106
198105
198104
198102
198099
198099
198091
198089
198088
198088
198086
198086
198086
198083
198082
198082
198082
198075
198071
198068
198064
198058
198052
198049
198048
198048
198047
198046
198041
198041
198040
198038
198037
198031
198029
198022
198017
198015
198013
198013
198011
198011
198011
197999
197997
197996
197995
197992
197987
197986
197986
197986
197985
197985
197983
197980
197977
197977
197975
197975
197970
197970
197967
197966
197958
197956
197953
197951
197949
197949
197948
197948
197945
197945
197936
197936
197931
197930
197930
197929
197926
197926
197926
197925
197921
197920
197918
197915
197911
197903
197903
197903
197903
197897
197896
197894
197892
197891
197889
197889
197889
197888
197887
197887
197887
197887
197886
197886
197884
197879
197878
197878
197878
197878
197877
197866
197866
197866
197866
197856
197855
197853
197850
197849
197848
197846
197844
197844
197844
197844
197844
197842
197841
197839
197837
197837
197837
197837
197837
197831
197829
197829
197825
197818
197815
197805
197804
197804
197804
197802
197801
197798
197797
197793
197791
197789
197786
197781
197779
197774
197774
197772
197772
197770
197763
197759
197757
197749
197747
197741
197741
197740
197740
197737
197736
197735
197734
197729
197729
197724
197724
197724
197724
197720
197720
197717
197716
197715
197715
197712
197710
197710
197709
197703
197702
197696
197696
197693
197691
197689
197688
197687
197686
197680
197671
197670
197669
197668
197665
197664
197663
197663
197660
197660
197659
197658
197656
197656
197656
197654
197654
197650
197649
197647
197647
197645
197641
197636
197633
197631
197631
197628
197627
197625
197625
197625
197616
197616
197616
197614
197609
197609
197606
197606
197605
197605
197604
197604
197603
197602
197599
197598
197597
197586
197586
197583
197581
197579
197577
197575
197572
197569
197568
197567
197566
197561
197561
197556
197556
197555
197555
197555
197553
197553
197553
197553
197552
197552
197552
197551
197551
197547
197547
197542
197540
197540
197539
197537
197537
197535
197535
197535
197532
197531
197531
197530
197529
197526
197524
197519
197515
197514
197511
197507
197504
197498
197497
197496
197489
197489
197488
197483
197482
197480
197479
197478
197477
197476
197467
197467
197464
197462
197461
197461
197461
197457
197457
197455
197455
197451
197445
197437
197435
197434
197433
197432
197428
197428
197428
197418
197418
197417
197417
197415
197415
197410
197409
197409
197406
197406
197404
197404
197403
197403
197397
197396
197396
197396
197394
197394
197394
197393
197388
197388
197387
197386
197384
197383
197380
197378
197375
197375
197373
197371
197371
197371
197371
197371
197368
1973…